D = 2**np.arange(1,11), N=1600

((0.0019543812210543747,
  0.12342158332465476,
  0.41197618446790746,
  0.7077770955753333,
  0.9326607196466339,
  1.0850188300954873,
  1.1878183640911637,
  1.2573829577990776,
  1.3050113468740037,
  1.3376502892627047),
 (0.11197792110031403,
  7.078350883963063,
  23.793259293626264,
  41.48053404008185,
  55.619079526597304,
  65.72547298703024,
  72.8795566390538,
  77.9124380873322,
  81.46431892195378,
  83.95434039386463))
  
  
  
N = 10**np.arange(3,7), D=128

((1.199917665817528,
  1.148630222891553,
  1.1147676731550495,
  1.0819564805934863),
 (73.7439680427789, 70.11172909611382, 67.75545504332437, 65.50582586899363))
 
 
N = 10**np.arange(3,7), D=32
((0.956181733904277,
  0.8656891537954781,
  0.7743654432833696,
  0.7075341141599967),
 (57.14959875289415, 51.30803847046805, 45.57153666410472, 41.44529270881112))
 
 
 
N = 10**np.arange(3,7), D=16
((0.7227391981370245,
  0.6047897504320103,
  0.5097756067501426,
  0.43032086302150824),
 (42.401360064652586,
  35.223628535960806,
  29.54292981033238,
  24.85676453041058))